cam0:
  T_cam_imu:
  - [0.03796577339308438, -0.9991494238082579, -0.016094376480360884, -0.0018719747081921982]
  - [-0.0025269028355905387, 0.016009944173483615, -0.9998686395970333, 0.009430989462477559]
  - [0.9992758452062798, 0.03800145511935776, -0.0019169235996733813, -0.0032389601619608596]
  - [0.0, 0.0, 0.0, 1.0]
  cam_overlaps: [1]
  camera_model: ds
  distortion_coeffs: []
  distortion_model: none
  intrinsics: [-0.20105485544809545, 0.5926047883814267, 317.8934243211125, 316.74040434458345,
    711.4512180423142, 532.1002815372327]
  resolution: [1440, 1080]
  rostopic: /tiscamera_ros/fisheye_left/image_rect_raw
  timeshift_cam_imu: -0.0018971330124233612
cam1:
  T_cam_imu:
  - [0.04237930204474996, -0.9989615575204257, -0.016727263809877768, -0.2004257523792342]
  - [0.003812185852558714, 0.01690386371123556, -0.9998498520431244, 0.010456106162663754]
  - [0.9990943208712707, 0.04230917144068613, 0.004524601062771083, -0.0015434610566374212]
  - [0.0, 0.0, 0.0, 1.0]
  T_cn_cnm1:
  - [0.9999900424623646, 0.0006246593638976615, 0.004418684962698617, -0.19854537552261675]
  - [-0.0006527931603886138, 0.9999795082547469, 0.006368432435576586, 0.0010447150442867976]
  - [-0.00441461631517777, -0.006371253508992485, 0.999969958694518, 0.0017472249773494613]
  - [0.0, 0.0, 0.0, 1.0]
  cam_overlaps: [0]
  camera_model: ds
  distortion_coeffs: []
  distortion_model: none
  intrinsics: [-0.20426587335180582, 0.5924144898990615, 317.3426194634644, 316.19320923591545,
    697.1121214328483, 567.6903247112139]
  resolution: [1440, 1080]
  rostopic: /tiscamera_ros/fisheye_right/image_rect_raw
  timeshift_cam_imu: -0.0023078246895999665
