cam0:
  T_cam_imu:
  - [0.01510882880052633, -0.9998546017683947, 0.007905606544490351, -0.001491224825821165]
  - [-0.06353187002530242, -0.008850504452167396, -0.9979405643935042, 0.0017323133382375795]
  - [0.9978654342061156, 0.01457545517306641, -0.06365635336031647, -0.00024801476738925383]
  - [0.0, 0.0, 0.0, 1.0]
  cam_overlaps: [1]
  camera_model: ds
  distortion_coeffs: []
  distortion_model: none
  intrinsics: [-0.19449373858729113, 0.5948200404806611, 320.68691207839925, 319.53241563373956,
    712.4831301001125, 536.0268018436429]
  resolution: [1440, 1080]
  rostopic: /tiscamera_ros/fisheye_left/image_rect_raw
  timeshift_cam_imu: 0.15840771240750703
cam1:
  T_cam_imu:
  - [0.015947838776569745, -0.9998402333169197, 0.00807305884559828, -0.20061536029113577]
  - [-0.0702437903944425, -0.009174479025586824, -0.9974876635054847, 0.0013873719495144177]
  - [0.997402364319124, 0.015340690185810524, -0.07037888088940325, 0.00026570154512815206]
  - [0.0, 0.0, 0.0, 1.0]
  T_cn_cnm1:
  - [0.9999996339077665, -0.00022053848466842914, 0.0008267690779178565, -0.1991235489185413]
  - [0.000226098668533611, 0.999977320023109, -0.006731145429345721, -0.0003462343594170042]
  - [-0.0008252658502012051, 0.006731329896513365, 0.999977003802637, 0.0005008191796333363]
  - [0.0, 0.0, 0.0, 1.0]
  cam_overlaps: [0]
  camera_model: ds
  distortion_coeffs: []
  distortion_model: none
  intrinsics: [-0.19435216024547639, 0.5955663203225362, 321.30891626217385, 320.188130296608,
    685.4812832654545, 563.8660806216003]
  resolution: [1440, 1080]
  rostopic: /tiscamera_ros/fisheye_right/image_rect_raw
  timeshift_cam_imu: 0.1572287356561589
