cam0:
  cam_overlaps: [1]
  camera_model: ds
  distortion_coeffs: []
  distortion_model: none
  intrinsics: [-0.19449373858729113, 0.5948200404806611, 320.68691207839925, 319.53241563373956,
    712.4831301001125, 536.0268018436429]
  resolution: [1440, 1080]
  rostopic: /tiscamera_ros/fisheye_left/image_rect_raw
cam1:
  T_cn_cnm1:
  - [0.9999996339077658, -0.0002205384846684291, 0.0008267690779178565, -0.1991235489185413]
  - [0.00022609866853361097, 0.9999773200231084, -0.006731145429345721, -0.0003462343594170042]
  - [-0.0008252658502012051, 0.006731329896513365, 0.9999770038026363, 0.0005008191796333363]
  - [0.0, 0.0, 0.0, 1.0]
  cam_overlaps: [0]
  camera_model: ds
  distortion_coeffs: []
  distortion_model: none
  intrinsics: [-0.19435216024547639, 0.5955663203225362, 321.30891626217385, 320.188130296608,
    685.4812832654545, 563.8660806216003]
  resolution: [1440, 1080]
  rostopic: /tiscamera_ros/fisheye_right/image_rect_raw
