cam0:
  cam_overlaps: [1]
  camera_model: ds
  distortion_coeffs: []
  distortion_model: none
  intrinsics: [-0.2226586376521178, 0.5878816598027778, 311.85979534936837, 310.64626528731793,
    709.9152988436712, 566.5712606933268]
  resolution: [1440, 1080]
  rostopic: /tiscamera_ros/fisheye_left/image_rect_raw
cam1:
  T_cn_cnm1:
  - [0.9999864225467918, 0.0032597219603159866, -0.004065579271495327, -0.19964179265224286]
  - [-0.0032351340237346824, 0.9999765269968119, 0.006039814835324899, 0.00043443692072878956]
  - [0.004085171957195073, -0.006026580136194174, 0.9999734954997279, -0.000138693661011624]
  - [0.0, 0.0, 0.0, 1.0]
  cam_overlaps: [0]
  camera_model: ds
  distortion_coeffs: []
  distortion_model: none
  intrinsics: [-0.18754520852136855, 0.5974600443720137, 322.84891859206357, 321.669363593786,
    691.4012079426707, 571.5837124442714]
  resolution: [1440, 1080]
  rostopic: /tiscamera_ros/fisheye_right/image_rect_raw
