cam0:
  cam_overlaps: [1]
  camera_model: ds
  distortion_coeffs: []
  distortion_model: none
  intrinsics: [-0.2271567580134887, 0.5919830601741589, 311.43891438216525, 310.68520970772965,
    703.0803763652214, 545.4607853664592]
  resolution: [1440, 1080]
  rostopic: /tiscamera_ros/fisheye_left/image_rect_raw
cam1:
  T_cn_cnm1:
  - [0.9999977588153849, -0.000619660550697521, 0.0020244468411057125, -0.19921858648625837]
  - [0.0006186028932124844, 0.9999996718865021, 0.000523027104408709, 0.000525292538283857]
  - [-0.002024770276120922, -0.0005217736035353455, 0.9999978140264302, 0.0011685932411263926]
  - [0.0, 0.0, 0.0, 1.0]
  cam_overlaps: [0]
  camera_model: ds
  distortion_coeffs: []
  distortion_model: none
  intrinsics: [-0.23559668307480477, 0.5892880733011522, 308.45506135160696, 307.8813155031409,
    725.6997064061208, 562.3118449019881]
  resolution: [1440, 1080]
  rostopic: /tiscamera_ros/fisheye_right/image_rect_raw
