cam0:
  cam_overlaps:
  - 1
  camera_model: ds
  distortion_coeffs: []
  distortion_model: none
  intrinsics:
  - -0.2038494352012735
  - 0.5933630462270887
  - 318.6883374413428
  - 317.5010683797286
  - 712.2281452798978
  - 537.961252938991
  resolution:
  - 1440
  - 1080
  rostopic: /tiscamera_ros/fisheye_left/image_rect_raw
cam1:
  T_cn_cnm1:
  - - 0.9999880225471235
    - -0.0011571533946869623
    - 0.004755602833847651
    - -0.19638375278692136
  - - 0.0011553533750623673
    - 0.9999992599090187
    - 0.00038123482547897455
    - 0.0011592797198760373
  - - -0.004756040461441363
    - -0.0003757358574722757
    - 0.9999886193860874
    - -0.015522342082956955
  - - 0.0
    - 0.0
    - 0.0
    - 1.0
  cam_overlaps:
  - 0
  camera_model: ds
  distortion_coeffs: []
  distortion_model: none
  intrinsics:
  - -0.21677681596032894
  - 0.587977543619732
  - 311.6715906468154
  - 310.6613548700665
  - 687.1579797426853
  - 559.7727575289533
  resolution:
  - 1440
  - 1080
  rostopic: /tiscamera_ros/fisheye_right/image_rect_raw
