cam0:
  cam_overlaps: [1]
  camera_model: ds
  distortion_coeffs: []
  distortion_model: none
  intrinsics: [-0.21934749669766757, 0.5879434001849153, 311.5035934792431, 310.4208935862048,
    728.3181809093231, 539.8167845218333]
  resolution: [1440, 1080]
  rostopic: /tiscamera_ros/fisheye_left/image_rect_raw
cam1:
  T_cn_cnm1:
  - [0.9999480747291271, 0.0006406993329994618, -0.0101704154228592, -0.19915196073323715]
  - [-0.0005612461795760954, 0.9999693196368866, 0.007813116386227722, -0.001252903072502885]
  - [0.01017510924927833, -0.007807002581242237, 0.9999177555491544, 0.002707180449198482]
  - [0.0, 0.0, 0.0, 1.0]
  cam_overlaps: [0]
  camera_model: ds
  distortion_coeffs: []
  distortion_model: none
  intrinsics: [-0.20630128027924707, 0.5918822747581824, 317.10006423186894, 316.1060857272548,
    807.9102875977263, 534.9340522034217]
  resolution: [1440, 1080]
  rostopic: /tiscamera_ros/fisheye_right/image_rect_raw
