cam0:
  cam_overlaps:
  - 1
  camera_model: ds
  distortion_coeffs: []
  distortion_model: none
  intrinsics:
  - -0.22687720408273687
  - 0.5825552814279977
  - 304.7430727311801
  - 303.53589734052173
  - 702.3581413056572
  - 553.2976781769851
  resolution:
  - 1440
  - 1080
  rostopic: /tiscamera_ros/fisheye_left/image_rect_raw
cam1:
  T_cn_cnm1:
  - - 0.9999529301766305
    - -0.0016987383969534913
    - -0.009552576564791797
    - -0.1998131780929055
  - - 0.001705703384103504
    - 0.9999982853505357
    - 0.0007210214633892768
    - 0.0035943467373273923
  - - 0.009551335358626636
    - -0.0007372813872098238
    - 0.9999541131517085
    - 0.003507369608952481
  - - 0.0
    - 0.0
    - 0.0
    - 1.0
  cam_overlaps:
  - 0
  camera_model: ds
  distortion_coeffs: []
  distortion_model: none
  intrinsics:
  - -0.2289855396420501
  - 0.5825193874251021
  - 304.69699521984825
  - 303.5014903016857
  - 726.4871476734797
  - 569.4010240782696
  resolution:
  - 1440
  - 1080
  rostopic: /tiscamera_ros/fisheye_right/image_rect_raw
