cam0:
  cam_overlaps: [1]
  camera_model: ds
  distortion_coeffs: []
  distortion_model: none
  intrinsics: [-0.20105485544809545, 0.5926047883814267, 317.8934243211125, 316.74040434458345,
    711.4512180423142, 532.1002815372327]
  resolution: [1440, 1080]
  rostopic: /tiscamera_ros/fisheye_left/image_rect_raw
cam1:
  T_cn_cnm1:
  - [0.9999900424623657, 0.0006246593638976619, 0.004418684962698618, -0.19854537552261675]
  - [-0.0006527931603886139, 0.999979508254748, 0.006368432435576587, 0.0010447150442867976]
  - [-0.004414616315177771, -0.006371253508992486, 0.9999699586945191, 0.0017472249773494613]
  - [0.0, 0.0, 0.0, 1.0]
  cam_overlaps: [0]
  camera_model: ds
  distortion_coeffs: []
  distortion_model: none
  intrinsics: [-0.20426587335180582, 0.5924144898990615, 317.3426194634644, 316.19320923591545,
    697.1121214328483, 567.6903247112139]
  resolution: [1440, 1080]
  rostopic: /tiscamera_ros/fisheye_right/image_rect_raw
